SCORE_CHINESE:0.5827088797387706
SCORE_GERMAN:0.8129638191618386
SCORE_ENGLISH:0.7065251350757535
SCORE_NORWEGIAN:0.5546893247430382
SCORE_RUSSIAN:0.7134434787102408
SCORE_SPANISH:0.710398269322225
SCORE_SWEDISH:0.7048639571123856
SCORE_AVERAGE:0.6836561234091789
