SCORE_CHINESE:0.5759137782909359
SCORE_GERMAN:0.705913574703358
SCORE_ENGLISH:0.5870281037503569
SCORE_NORWEGIAN:0.41311166715287984
SCORE_RUSSIAN:0.6890818103640939
SCORE_SPANISH:0.5774586240821868
SCORE_SWEDISH:0.6276426345589508
SCORE_AVERAGE:0.5965928847003946
