SCORE_CHINESE:0.5310853510013487
SCORE_GERMAN:0.6834212028970541
SCORE_ENGLISH:0.5847717967770039
SCORE_NORWEGIAN:0.3628680397103077
SCORE_RUSSIAN:0.7682089828071015
SCORE_SPANISH:0.5294847230507822
SCORE_SWEDISH:0.6210655613437204
SCORE_AVERAGE:0.5829865225124741
