SCORE_CHINESE:0.5486610517582643
SCORE_GERMAN:0.8097632071367173
SCORE_ENGLISH:0.7269095729768102
SCORE_NORWEGIAN:0.5666489384039037
SCORE_RUSSIAN:0.781872178961586
SCORE_SPANISH:0.738572079750597
SCORE_SWEDISH:0.7457301874387128
SCORE_AVERAGE:0.7025938880609416
