SCORE_CHINESE:0.625907806265348
SCORE_GERMAN:0.8071963663133649
SCORE_ENGLISH:0.7030053309770307
SCORE_NORWEGIAN:0.5739232760595847
SCORE_RUSSIAN:0.7069195644315013
SCORE_SPANISH:0.7548047310681375
SCORE_SWEDISH:0.718842502494657
SCORE_AVERAGE:0.6986570825156606
