SCORE_CHINESE:0.4562263948968299
SCORE_GERMAN:0.6739012355789378
SCORE_ENGLISH:0.5294777073248897
SCORE_NORWEGIAN:0.3727233361979866
SCORE_RUSSIAN:0.6752768241707253
SCORE_SPANISH:0.4180603058235298
SCORE_SWEDISH:0.5468834642182648
SCORE_AVERAGE:0.5246498954587377
