SCORE_CHINESE:0.18257121618859118
SCORE_GERMAN:0.2529501148154031
SCORE_ENGLISH:0.09042730046812342
SCORE_NORWEGIAN:0.20006389868485985
SCORE_RUSSIAN:0.6291664456122739
SCORE_SPANISH:0.3418134196155984
SCORE_SWEDISH:0.20436630028360836
SCORE_AVERAGE:0.2716226708097797
