SCORE_CHINESE:0.27991658086175486
SCORE_GERMAN:0.6877288494682294
SCORE_ENGLISH:0.5858662252023135
SCORE_NORWEGIAN:0.47309099682204614
SCORE_RUSSIAN:0.6247841715530237
SCORE_SPANISH:0.4989434015098415
SCORE_SWEDISH:0.6621161960930608
SCORE_AVERAGE:0.5446352030728957
