SCORE_CHINESE:0.18257121618859118
SCORE_GERMAN:0.2529501148154031
SCORE_ENGLISH:0.09042730046812342
SCORE_NORWEGIAN:0.20006389868485985
SCORE_RUSSIAN:0.6291664456122739
SCORE_SPANISH:0.3418134196155984
SCORE_SWEDISH:0.20436630028360836
SCORE_AVERAGE:0.2716226708097797
SCORE_CHINESE:0.2311184395339282
SCORE_GERMAN:0.55340921969951
SCORE_ENGLISH:0.5025866993553697
SCORE_NORWEGIAN:0.13583756069018105
SCORE_RUSSIAN:0.5781186755256738
SCORE_SPANISH:0.15114096590393988
SCORE_SWEDISH:0.3488158473432472
SCORE_AVERAGE:0.3572896297216928
