SCORE_CHINESE:0.7293361816282053
SCORE_GERMAN:0.8229134010722983
SCORE_ENGLISH:0.7015972223423752
SCORE_NORWEGIAN:0.6415435242500358
SCORE_RUSSIAN:0.6985286183757591
SCORE_SPANISH:0.7867312635991329
SCORE_SWEDISH:0.7304261765214991
SCORE_AVERAGE:0.7301537696841865
