SCORE_CHINESE:0.4382453208726256
SCORE_GERMAN:0.6828637021290231
SCORE_ENGLISH:0.5732598325779281
SCORE_NORWEGIAN:0.3929860719232121
SCORE_RUSSIAN:0.7324308538626535
SCORE_SPANISH:0.6745955380747484
SCORE_SWEDISH:0.6644019929309525
SCORE_AVERAGE:0.5941119017673061
