SCORE_CHINESE:0.5628118136977343
SCORE_GERMAN:0.7739573073884698
SCORE_ENGLISH:0.6808784441699018
SCORE_NORWEGIAN:0.46239255091955367
SCORE_RUSSIAN:0.7501547100189006
SCORE_SPANISH:0.7282052466777201
SCORE_SWEDISH:0.7434934637775786
SCORE_AVERAGE:0.6716990766642656
