SCORE_CHINESE:0.3366581836948789
SCORE_GERMAN:0.7846724907767606
SCORE_ENGLISH:0.677377006927435
SCORE_NORWEGIAN:0.5512764671867592
SCORE_RUSSIAN:0.6455624067261608
SCORE_SPANISH:0.6997473174886168
SCORE_SWEDISH:0.6952161143832947
SCORE_AVERAGE:0.6272157124548438
